0000111110000000000000000000000000000000
0000105010000000000000000000000000000000
0000111110000000000000000000000000000000
0000000000000000100000000000000000000000
0000000000000000100000000000000000000000
0000000010000000100000000000000000000000
0000000010000000100000000000000000000000
0000000010000000100000000000000000000000
0000000010000000101111111111111110000000
0000000010000000100000000000000000000000
0000000110000001100000000000000000000000
0000000100000001000100000000000000000000
0000000100000001000000000110000000000000
0000000100000001000000000000000000000000
0000000100000001000000000000000000000000
0000000100000001000000000000000000000000
0000000100000000000000000000000000000000
0000000100000001000000000000000000000000
0000000000000001000000000000000000000000
0000000000000000000000000000000000000000
0000000000000000000000000000000000000000
0000000000000000000000000000000000000000
0000000000000000000000000000000000000000
0000000400000000000000000000000000000000
0000000000000000000000000000000000000000
0000000000000000000000000000000000000000
0000000000000000000000000000000000000000
0000000000000000000000000000000000000000
0000000000000000000000000000000000000000
0000000000000000000000000000000000000000
0000000000000000000000000000000000000000
0000000000000000000000000000000000000000
0000000000000000000000000000000000000000
0000000000000000000000000000000000000000
0000000000000000000000000000000000000000
0000000000000000000000000000000000000000
0000000000000000000000000000000000000000
0000000000000000000000000000000000000000
0000000000000000000000000000000000000000
0000000000000000000000000000000000000000
